Frame Number	z
1	150
2	160
3	170
4	180
5	190
6	200
7	210
8	220
9	230
10	240
11	250
12	260
13	270
14	280
15	290
16	100
17	110
18	120
19	130
20	140
21	150
22	160
23	170
24	180
25	190
26	200
27	210
28	220
29	230
30	240
31	250
32	260
33	270
34	280
35	290
36	100
37	110
38	120
39	130
40	140
41	150
42	160
43	170
44	180
45	190
46	200
47	210
48	220
49	230
50	240
51	250
52	260
53	270
54	280
55	290
56	100
57	110
58	120
59	130
60	140
61	150
62	160
63	170
64	180
65	190
66	200
67	210
68	220
69	230
70	240
71	250
72	260
73	270
74	280
75	290
76	100
77	110
78	120
79	130
80	140
81	150
82	160
83	170
84	180
85	190
86	200
87	210
88	220
89	230
90	240
91	250
92	260
93	270
94	280
95	290
96	100
97	110
98	120
99	130
100	140
101	150
102	160
103	170
104	180
105	190
106	200
107	210
108	220
109	230
110	240
111	250
112	260
113	270
114	280
115	290
116	100
117	110
118	120
119	130
120	140
121	150
122	160
123	170
124	180
125	190
126	200
127	210
128	220
129	230
130	240
131	250
132	260
133	270
134	280
135	290
136	100
137	110
138	120
139	130
140	140
141	150
142	160
143	170
144	180
145	190
146	200
147	210
148	220
149	230
150	240
151	250
152	260
153	270
154	280
155	290
156	100
157	110
158	120
159	130
160	140
161	150
162	160
163	170
164	180
165	190
166	200
167	210
168	220
169	230
170	240
171	250
172	260
173	270
174	280
175	290
176	100
177	110
178	120
179	130
180	140
181	150
182	160
183	170
184	180
185	190
186	200
187	210
188	220
189	230
190	240
191	250
192	260
193	270
194	280
195	290
196	100
197	110
198	120
199	130
200	140
201	150
202	160
203	170
204	180
205	190
206	200
207	210
208	220
209	230
210	240
211	250
212	260
213	270
214	280
215	290
216	100
217	110
218	120
219	130
220	140
221	150
222	160
223	170
224	180
225	190
226	200
227	210
228	220
229	230
230	240
231	250
232	260
233	270
234	280
235	290
236	100
237	110
238	120
239	130
240	140
241	150
242	160
243	170
244	180
245	190
246	200
247	210
248	220
249	230
250	240
251	250
252	260
253	270
254	280
255	290
256	100
257	110
258	120
259	130
260	140
261	150
262	160
263	170
264	180
265	190
266	200
267	210
268	220
269	230
270	240
271	250
272	260
273	270
274	280
275	290
276	100
277	110
278	120
279	130
280	140
281	150
282	160
283	170
284	180
285	190
286	200
287	210
288	220
289	230
290	240
291	250
292	260
293	270
294	280
295	290
296	100
297	110
298	120
299	130
300	140
301	150
302	160
303	170
304	180
305	190
306	200
307	210
308	220
309	230
310	240
311	250
312	260
313	270
314	280
315	290
316	100
317	110
318	120
319	130
320	140
321	150
322	160
323	170
324	180
325	190
326	200
327	210
328	220
329	230
330	240
331	250
332	260
333	270
334	280
335	290
336	100
337	110
338	120
339	130
340	140
341	150
342	160
343	170
344	180
345	190
346	200
347	210
348	220
349	230
350	240
351	250
352	260
353	270
354	280
355	290
356	100
357	110
358	120
359	130
360	140
361	150
362	160
363	170
364	180
365	190
366	200
367	210
368	220
369	230
370	240
371	250
372	260
373	270
374	280
375	290
376	100
377	110
378	120
379	130
380	140
381	150
382	160
383	170
384	180
385	190
386	200
387	210
388	220
389	230
390	240
391	250
392	260
393	270
394	280
395	290
396	100
397	110
398	120
399	130
400	140
401	150
402	160
403	170
404	180
405	190
406	200
407	210
408	220
409	230
410	240
411	250
412	260
413	270
414	280
415	290
416	100
417	110
418	120
419	130
420	140
421	150
422	160
423	170
424	180
425	190
426	200
427	210
428	220
429	230
430	240
431	250
432	260
433	270
434	280
435	290
436	100
437	110
438	120
439	130
440	140
441	150
442	160
443	170
444	180
445	190
446	200
447	210
448	220
449	230
450	240
451	250
452	260
453	270
454	280
455	290
456	100
457	110
458	120
459	130
460	140
461	150
462	160
463	170
464	180
465	190
466	200
467	210
468	220
469	230
470	240
471	250
472	260
473	270
474	280
475	290
476	100
477	110
478	120
479	130
480	140
481	150
482	160
483	170
484	180
485	190
486	200
487	210
488	220
489	230
490	240
491	250
492	260
493	270
494	280
495	290
496	100
497	110
498	120
499	130
500	140
501	150
502	160
503	170
504	180
505	190
506	200
507	210
508	220
509	230
510	240
511	250
512	260
513	270
514	280
515	290
516	100
517	110
518	120
519	130
520	140
521	150
522	160
523	170
524	180
525	190
526	200
527	210
528	220
529	230
530	240
531	250
532	260
533	270
534	280
535	290
536	100
537	110
538	120
539	130
540	140
541	150
542	160
543	170
544	180
545	190
546	200
547	210
548	220
549	230
550	240
551	250
552	260
553	270
554	280
555	290
556	100
557	110
558	120
559	130
560	140
561	150
562	160
563	170
564	180
565	190
566	200
567	210
568	220
569	230
570	240
571	250
572	260
573	270
574	280
575	290
576	100
577	110
578	120
579	130
580	140
581	150
582	160
583	170
584	180
585	190
586	200
587	210
588	220
589	230
590	240
591	250
592	260
593	270
594	280
595	290
596	100
597	110
598	120
599	130
600	140
601	150
602	160
603	170
604	180
605	190
606	200
607	210
608	220
609	230
610	240
611	250
612	260
613	270
614	280
615	290
616	100
617	110
618	120
619	130
620	140
621	150
622	160
623	170
624	180
625	190
626	200
627	210
628	220
629	230
630	240
631	250
632	260
633	270
634	280
635	290
636	100
637	110
638	120
639	130
640	140
641	150
642	160
643	170
644	180
645	190
646	200
647	210
648	220
649	230
650	240
651	250
652	260
653	270
654	280
655	290
656	100
657	110
658	120
659	130
660	140
661	150
662	160
663	170
664	180
665	190
666	200
667	210
668	220
669	230
670	240
671	250
672	260
673	270
674	280
675	290
676	100
677	110
678	120
679	130
680	140
681	150
682	160
683	170
684	180
685	190
686	200
687	210
688	220
689	230
690	240
691	250
692	260
693	270
694	280
695	290
696	100
697	110
698	120
699	130
700	140
701	150
702	160
703	170
704	180
705	190
706	200
707	210
708	220
709	230
710	240
711	250
712	260
713	270
714	280
715	290
716	100
717	110
718	120
719	130
720	140
721	150
722	160
723	170
724	180
725	190
726	200
727	210
728	220
729	230
730	240
731	250
732	260
733	270
734	280
735	290
736	100
737	110
738	120
739	130
740	140
741	150
742	160
743	170
744	180
745	190
746	200
747	210
748	220
749	230
750	240
751	250
752	260
753	270
754	280
755	290
756	100
757	110
758	120
759	130
760	140
761	150
762	160
763	170
764	180
765	190
766	200
767	210
768	220
769	230
770	240
771	250
772	260
773	270
774	280
775	290
776	100
777	110
778	120
779	130
780	140
781	150
782	160
783	170
784	180
785	190
786	200
787	210
788	220
789	230
790	240
791	250
792	260
793	270
794	280
795	290
796	100
797	110
798	120
799	130
800	140
801	150
802	160
803	170
804	180
805	190
806	200
807	210
808	220
809	230
810	240
811	250
812	260
813	270
814	280
815	290
816	100
817	110
818	120
819	130
820	140
821	150
822	160
823	170
824	180
825	190
826	200
827	210
828	220
829	230
830	240
831	250
832	260
833	270
834	280
835	290
836	100
837	110
838	120
839	130
840	140
841	150
842	160
843	170
844	180
845	190
846	200
847	210
848	220
849	230
850	240
851	250
852	260
853	270
854	280
855	290
856	100
857	110
858	120
859	130
860	140
861	150
862	160
863	170
864	180
865	190
866	200
867	210
868	220
869	230
870	240
871	250
872	260
873	270
874	280
875	290
876	100
877	110
878	120
879	130
880	140
881	150
882	160
883	170
884	180
885	190
886	200
887	210
888	220
889	230
890	240
891	250
892	260
893	270
894	280
895	290
896	100
897	110
898	120
899	130
900	140
901	150
902	160
903	170
904	180
905	190
906	200
907	210
908	220
909	230
910	240
911	250
912	260
913	270
914	280
915	290
916	100
917	110
918	120
919	130
920	140
921	150
922	160
923	170
924	180
925	190
926	200
927	210
928	220
929	230
930	240
931	250
932	260
933	270
934	280
935	290
936	100
937	110
938	120
939	130
940	140
941	150
942	160
943	170
944	180
945	190
946	200
947	210
948	220
949	230
950	240
951	250
952	260
953	270
954	280
955	290
956	100
957	110
958	120
959	130
960	140
961	150
962	160
963	170
964	180
965	190
966	200
967	210
968	220
969	230
970	240
971	250
972	260
973	270
974	280
975	290
976	100
977	110
978	120
979	130
980	140
981	150
982	160
983	170
984	180
985	190
986	200
987	210
988	220
989	230
990	240
991	250
992	260
993	270
994	280
995	290
996	100
997	110
998	120
999	130
1000	140
1001	150
1002	160
1003	170
1004	180
1005	190
1006	200
1007	210
1008	220
1009	230
1010	240
1011	250
1012	260
1013	270
1014	280
1015	290
1016	100
1017	110
1018	120
1019	130
1020	140
1021	150
1022	160
1023	170
1024	180
1025	190
1026	200
1027	210
1028	220
1029	230
1030	240
1031	250
1032	260
1033	270
1034	280
1035	290
1036	100
1037	110
1038	120
1039	130
1040	140
1041	150
1042	160
1043	170
1044	180
1045	190
1046	200
1047	210
1048	220
1049	230
1050	240
1051	250
1052	260
1053	270
1054	280
1055	290
1056	100
1057	110
1058	120
1059	130
1060	140
1061	150
1062	160
1063	170
1064	180
1065	190
1066	200
1067	210
1068	220
1069	230
1070	240
1071	250
1072	260
1073	270
1074	280
1075	290
1076	100
1077	110
1078	120
1079	130
1080	140
1081	150
1082	160
1083	170
1084	180
1085	190
1086	200
1087	210
1088	220
1089	230
1090	240
1091	250
1092	260
1093	270
1094	280
1095	290
1096	100
1097	110
1098	120
1099	130
1100	140
1101	150
1102	160
1103	170
1104	180
1105	190
1106	200
1107	210
1108	220
1109	230
1110	240
1111	250
1112	260
1113	270
1114	280
1115	290
1116	100
1117	110
1118	120
1119	130
1120	140
1121	150
1122	160
1123	170
1124	180
1125	190
1126	200
1127	210
1128	220
1129	230
1130	240
1131	250
1132	260
1133	270
1134	280
1135	290
1136	100
1137	110
1138	120
1139	130
1140	140
1141	150
1142	160
1143	170
1144	180
1145	190
1146	200
1147	210
1148	220
1149	230
1150	240
1151	250
1152	260
1153	270
1154	280
1155	290
1156	100
1157	110
1158	120
1159	130
1160	140
1161	150
1162	160
1163	170
1164	180
1165	190
1166	200
1167	210
1168	220
1169	230
1170	240
1171	250
1172	260
1173	270
1174	280
1175	290
1176	100
1177	110
1178	120
1179	130
1180	140
1181	150
1182	160
1183	170
1184	180
1185	190
1186	200
1187	210
1188	220
1189	230
1190	240
1191	250
1192	260
1193	270
1194	280
1195	290
1196	100
1197	110
1198	120
1199	130
1200	140
1201	150
1202	160
1203	170
1204	180
1205	190
1206	200
1207	210
1208	220
1209	230
1210	240
1211	250
1212	260
1213	270
1214	280
1215	290
1216	100
1217	110
1218	120
1219	130
1220	140
1221	150
1222	160
1223	170
1224	180
1225	190
1226	200
1227	210
1228	220
1229	230
1230	240
1231	250
1232	260
1233	270
1234	280
1235	290
1236	100
1237	110
1238	120
1239	130
1240	140
1241	150
1242	160
1243	170
1244	180
1245	190
1246	200
1247	210
1248	220
1249	230
1250	240
1251	250
1252	260
1253	270
1254	280
1255	290
1256	100
1257	110
1258	120
1259	130
1260	140
1261	150
1262	160
1263	170
1264	180
1265	190
1266	200
1267	210
1268	220
1269	230
1270	240
1271	250
1272	260
1273	270
1274	280
1275	290
1276	100
1277	110
1278	120
1279	130
1280	140
1281	150
1282	160
1283	170
1284	180
1285	190
1286	200
1287	210
1288	220
1289	230
1290	240
1291	250
1292	260
1293	270
1294	280
1295	290
1296	100
1297	110
1298	120
1299	130
1300	140
1301	150
1302	160
1303	170
1304	180
1305	190
1306	200
1307	210
1308	220
1309	230
1310	240
1311	250
1312	260
1313	270
1314	280
1315	290
1316	100
1317	110
1318	120
1319	130
1320	140
1321	150
1322	160
1323	170
1324	180
1325	190
1326	200
1327	210
1328	220
1329	230
1330	240
1331	250
1332	260
1333	270
1334	280
1335	290
1336	100
1337	110
1338	120
1339	130
1340	140
1341	150
1342	160
1343	170
1344	180
1345	190
1346	200
1347	210
1348	220
1349	230
1350	240
1351	250
1352	260
1353	270
1354	280
1355	290
1356	100
1357	110
1358	120
1359	130
1360	140
1361	150
1362	160
1363	170
1364	180
1365	190
1366	200
1367	210
1368	220
1369	230
1370	240
1371	250
1372	260
1373	270
1374	280
1375	290
1376	100
1377	110
1378	120
1379	130
1380	140
1381	150
1382	160
1383	170
1384	180
1385	190
1386	200
1387	210
1388	220
1389	230
1390	240
1391	250
1392	260
1393	270
1394	280
1395	290
1396	100
1397	110
1398	120
1399	130
1400	140
1401	150
1402	160
1403	170
1404	180
1405	190
1406	200
1407	210
1408	220
1409	230
1410	240
1411	250
1412	260
1413	270
1414	280
1415	290
1416	100
1417	110
1418	120
1419	130
1420	140
1421	150
1422	160
1423	170
1424	180
1425	190
1426	200
1427	210
1428	220
1429	230
1430	240
1431	250
1432	260
1433	270
1434	280
1435	290
1436	100
1437	110
1438	120
1439	130
1440	140
1441	150
1442	160
1443	170
1444	180
1445	190
1446	200
1447	210
1448	220
1449	230
1450	240
1451	250
1452	260
1453	270
1454	280
1455	290
1456	100
1457	110
1458	120
1459	130
1460	140
1461	150
1462	160
1463	170
1464	180
1465	190
1466	200
1467	210
1468	220
1469	230
1470	240
1471	250
1472	260
1473	270
1474	280
1475	290
1476	100
1477	110
1478	120
1479	130
1480	140
1481	150
1482	160
1483	170
1484	180
1485	190
1486	200
1487	210
1488	220
1489	230
1490	240
1491	250
1492	260
1493	270
1494	280
1495	290
1496	100
1497	110
1498	120
1499	130
1500	140
1501	150
1502	160
1503	170
1504	180
1505	190
1506	200
1507	210
1508	220
1509	230
1510	240
1511	250
1512	260
1513	270
1514	280
1515	290
1516	100
1517	110
1518	120
1519	130
1520	140
1521	150
1522	160
1523	170
1524	180
1525	190
1526	200
1527	210
1528	220
1529	230
1530	240
1531	250
1532	260
1533	270
1534	280
1535	290
1536	100
1537	110
1538	120
1539	130
1540	140
1541	150
1542	160
1543	170
1544	180
1545	190
1546	200
1547	210
1548	220
1549	230
1550	240
1551	250
1552	260
1553	270
1554	280
1555	290
1556	100
1557	110
1558	120
1559	130
1560	140
1561	150
1562	160
1563	170
1564	180
1565	190
1566	200
1567	210
1568	220
1569	230
1570	240
1571	250
1572	260
1573	270
1574	280
1575	290
1576	100
1577	110
1578	120
1579	130
1580	140
1581	150
1582	160
1583	170
1584	180
1585	190
1586	200
1587	210
1588	220
1589	230
1590	240
1591	250
1592	260
1593	270
1594	280
1595	290
1596	100
1597	110
1598	120
1599	130
1600	140
1601	150
1602	160
1603	170
1604	180
1605	190
1606	200
1607	210
1608	220
1609	230
1610	240
1611	250
1612	260
1613	270
1614	280
1615	290
1616	100
1617	110
1618	120
1619	130
1620	140
1621	150
1622	160
1623	170
1624	180
1625	190
1626	200
1627	210
1628	220
1629	230
1630	240
1631	250
1632	260
1633	270
1634	280
1635	290
1636	100
1637	110
1638	120
1639	130
1640	140
1641	150
1642	160
1643	170
1644	180
1645	190
1646	200
1647	210
1648	220
1649	230
1650	240
1651	250
1652	260
1653	270
1654	280
1655	290
1656	100
1657	110
1658	120
1659	130
1660	140
1661	150
1662	160
1663	170
1664	180
1665	190
1666	200
1667	210
1668	220
1669	230
1670	240
1671	250
1672	260
1673	270
1674	280
1675	290
1676	100
1677	110
1678	120
1679	130
1680	140
1681	150
1682	160
1683	170
1684	180
1685	190
1686	200
1687	210
1688	220
1689	230
1690	240
1691	250
1692	260
1693	270
1694	280
1695	290
1696	100
1697	110
1698	120
1699	130
1700	140
1701	150
1702	160
1703	170
1704	180
1705	190
1706	200
1707	210
1708	220
1709	230
1710	240
1711	250
1712	260
1713	270
1714	280
1715	290
1716	100
1717	110
1718	120
1719	130
1720	140
1721	150
1722	160
1723	170
1724	180
1725	190
1726	200
1727	210
1728	220
1729	230
1730	240
1731	250
1732	260
1733	270
1734	280
1735	290
1736	100
1737	110
1738	120
1739	130
1740	140
1741	150
1742	160
1743	170
1744	180
1745	190
1746	200
1747	210
1748	220
1749	230
1750	240
1751	250
1752	260
1753	270
1754	280
1755	290
1756	100
1757	110
1758	120
1759	130
1760	140
1761	150
1762	160
1763	170
1764	180
1765	190
1766	200
1767	210
1768	220
1769	230
1770	240
1771	250
1772	260
1773	270
1774	280
1775	290
1776	100
1777	110
1778	120
1779	130
1780	140
1781	150
1782	160
1783	170
1784	180
1785	190
1786	200
1787	210
1788	220
1789	230
1790	240
1791	250
1792	260
1793	270
1794	280
1795	290
1796	100
1797	110
1798	120
1799	130
1800	140
1801	150
1802	160
1803	170
1804	180
1805	190
1806	200
1807	210
1808	220
1809	230
1810	240
1811	250
1812	260
1813	270
1814	280
1815	290
1816	100
1817	110
1818	120
1819	130
1820	140
1821	150
1822	160
1823	170
1824	180
1825	190
1826	200
1827	210
1828	220
1829	230
1830	240
1831	250
1832	260
1833	270
1834	280
1835	290
1836	100
1837	110
1838	120
1839	130
1840	140
1841	150
1842	160
1843	170
1844	180
1845	190
1846	200
1847	210
1848	220
1849	230
1850	240
1851	250
1852	260
1853	270
1854	280
1855	290
1856	100
1857	110
1858	120
1859	130
1860	140
1861	150
1862	160
1863	170
1864	180
1865	190
1866	200
1867	210
1868	220
1869	230
1870	240
1871	250
1872	260
1873	270
1874	280
1875	290
1876	100
1877	110
1878	120
1879	130
1880	140
1881	150
1882	160
1883	170
1884	180
1885	190
1886	200
1887	210
1888	220
1889	230
1890	240
1891	250
1892	260
1893	270
1894	280
1895	290
1896	100
1897	110
1898	120
1899	130
1900	140
1901	150
1902	160
1903	170
1904	180
1905	190
1906	200
1907	210
1908	220
1909	230
1910	240
1911	250
1912	260
1913	270
1914	280
1915	290
1916	100
1917	110
1918	120
1919	130
1920	140
1921	150
1922	160
1923	170
1924	180
1925	190
1926	200
1927	210
1928	220
1929	230
1930	240
1931	250
1932	260
1933	270
1934	280
1935	290
1936	100
1937	110
1938	120
1939	130
1940	140
1941	150
1942	160
1943	170
1944	180
1945	190
1946	200
1947	210
1948	220
1949	230
1950	240
1951	250
1952	260
1953	270
1954	280
1955	290
1956	100
1957	110
1958	120
1959	130
1960	140
1961	150
1962	160
1963	170
1964	180
1965	190
1966	200
1967	210
1968	220
1969	230
1970	240
1971	250
1972	260
1973	270
1974	280
1975	290
1976	100
1977	110
1978	120
1979	130
1980	140
1981	150
1982	160
1983	170
1984	180
1985	190
1986	200
1987	210
1988	220
1989	230
1990	240
1991	250
1992	260
1993	270
1994	280
1995	290
1996	100
1997	110
1998	120
1999	130
2000	140
2001	150
2002	160
2003	170
2004	180
2005	190
2006	200
2007	210
2008	220
2009	230
2010	240
2011	250
2012	260
2013	270
2014	280
2015	290
2016	100
2017	110
2018	120
2019	130
2020	140
2021	150
2022	160
2023	170
2024	180
2025	190
2026	200
2027	210
2028	220
2029	230
2030	240
2031	250
2032	260
2033	270
2034	280
2035	290
2036	100
2037	110
2038	120
2039	130
2040	140
2041	150
2042	160
2043	170
2044	180
2045	190
2046	200
2047	210
2048	220
2049	230
2050	240
2051	250
2052	260
2053	270
2054	280
2055	290
2056	100
2057	110
2058	120
2059	130
2060	140
2061	150
2062	160
2063	170
2064	180
2065	190
2066	200
2067	210
2068	220
2069	230
2070	240
2071	250
2072	260
2073	270
2074	280
2075	290
2076	100
2077	110
2078	120
2079	130
2080	140
2081	150
2082	160
2083	170
2084	180
2085	190
2086	200
2087	210
2088	220
2089	230
2090	240
2091	250
2092	260
2093	270
2094	280
2095	290
2096	100
2097	110
2098	120
2099	130
2100	140
2101	150
2102	160
2103	170
2104	180
2105	190
2106	200
2107	210
2108	220
2109	230
2110	240
2111	250
2112	260
2113	270
2114	280
2115	290
2116	100
2117	110
2118	120
2119	130
2120	140
2121	150
2122	160
2123	170
2124	180
2125	190
2126	200
2127	210
2128	220
2129	230
2130	240
2131	250
2132	260
2133	270
2134	280
2135	290
2136	100
2137	110
2138	120
2139	130
2140	140
2141	150
2142	160
2143	170
2144	180
2145	190
2146	200
2147	210
2148	220
2149	230
2150	240
2151	250
2152	260
2153	270
2154	280
2155	290
2156	100
2157	110
2158	120
2159	130
2160	140
2161	150
2162	160
2163	170
2164	180
2165	190
2166	200
2167	210
2168	220
2169	230
2170	240
2171	250
2172	260
2173	270
2174	280
2175	290
2176	100
2177	110
2178	120
2179	130
2180	140
2181	150
2182	160
2183	170
2184	180
2185	190
2186	200
2187	210
2188	220
2189	230
2190	240
2191	250
2192	260
2193	270
2194	280
2195	290
2196	100
2197	110
2198	120
2199	130
2200	140
2201	150
2202	160
2203	170
2204	180
2205	190
2206	200
2207	210
2208	220
2209	230
2210	240
2211	250
2212	260
2213	270
2214	280
2215	290
2216	100
2217	110
2218	120
2219	130
2220	140
2221	150
2222	160
2223	170
2224	180
2225	190
2226	200
2227	210
2228	220
2229	230
2230	240
2231	250
2232	260
2233	270
2234	280
2235	290
2236	100
2237	110
2238	120
2239	130
2240	140
2241	150
2242	160
2243	170
2244	180
2245	190
2246	200
2247	210
2248	220
2249	230
2250	240
2251	250
2252	260
2253	270
2254	280
2255	290
2256	100
2257	110
2258	120
2259	130
2260	140
2261	150
2262	160
2263	170
2264	180
2265	190
2266	200
2267	210
2268	220
2269	230
2270	240
2271	250
2272	260
2273	270
2274	280
2275	290
2276	100
2277	110
2278	120
2279	130
2280	140
2281	150
2282	160
2283	170
2284	180
2285	190
2286	200
2287	210
2288	220
2289	230
2290	240
2291	250
2292	260
2293	270
2294	280
2295	290
2296	100
2297	110
2298	120
2299	130
2300	140
2301	150
2302	160
2303	170
2304	180
2305	190
2306	200
2307	210
2308	220
2309	230
2310	240
2311	250
2312	260
2313	270
2314	280
2315	290
2316	100
2317	110
2318	120
2319	130
2320	140
2321	150
2322	160
2323	170
2324	180
2325	190
2326	200
2327	210
2328	220
2329	230
2330	240
2331	250
2332	260
2333	270
2334	280
2335	290
2336	100
2337	110
2338	120
2339	130
2340	140
2341	150
2342	160
2343	170
2344	180
2345	190
2346	200
2347	210
2348	220
2349	230
2350	240
2351	250
2352	260
2353	270
2354	280
2355	290
2356	100
2357	110
2358	120
2359	130
2360	140
2361	150
2362	160
2363	170
2364	180
2365	190
2366	200
2367	210
2368	220
2369	230
2370	240
2371	250
2372	260
2373	270
2374	280
2375	290
2376	100
2377	110
2378	120
2379	130
2380	140
2381	150
2382	160
2383	170
2384	180
2385	190
2386	200
2387	210
2388	220
2389	230
2390	240
2391	250
2392	260
2393	270
2394	280
2395	290
2396	100
2397	110
2398	120
2399	130
2400	140
2401	150
2402	160
2403	170
2404	180
2405	190
2406	200
2407	210
2408	220
2409	230
2410	240
2411	250
2412	260
2413	270
2414	280
2415	290
2416	100
2417	110
2418	120
2419	130
2420	140
2421	150
2422	160
2423	170
2424	180
2425	190
2426	200
2427	210
2428	220
2429	230
2430	240
2431	250
2432	260
2433	270
2434	280
2435	290
2436	100
2437	110
2438	120
2439	130
2440	140
2441	150
2442	160
2443	170
2444	180
2445	190
2446	200
2447	210
2448	220
2449	230
2450	240
2451	250
2452	260
2453	270
2454	280
2455	290
2456	100
2457	110
2458	120
2459	130
2460	140
2461	150
2462	160
2463	170
2464	180
2465	190
2466	200
2467	210
2468	220
2469	230
2470	240
2471	250
2472	260
2473	270
2474	280
2475	290
2476	100
2477	110
2478	120
2479	130
2480	140
2481	150
2482	160
2483	170
2484	180
2485	190
2486	200
2487	210
2488	220
2489	230
2490	240
2491	250
2492	260
2493	270
2494	280
2495	290
2496	100
2497	110
2498	120
2499	130
2500	140
2501	150
2502	160
2503	170
2504	180
2505	190
2506	200
2507	210
2508	220
2509	230
2510	240
2511	250
2512	260
2513	270
2514	280
2515	290
2516	100
2517	110
2518	120
2519	130
2520	140
2521	150
2522	160
2523	170
2524	180
2525	190
2526	200
2527	210
2528	220
2529	230
2530	240
2531	250
2532	260
2533	270
2534	280
2535	290
2536	100
2537	110
2538	120
2539	130
2540	140
2541	150
2542	160
2543	170
2544	180
2545	190
2546	200
2547	210
2548	220
2549	230
2550	240
2551	250
2552	260
2553	270
2554	280
2555	290
2556	100
2557	110
2558	120
2559	130
2560	140
2561	150
2562	160
2563	170
2564	180
2565	190
2566	200
2567	210
2568	220
2569	230
2570	240
2571	250
2572	260
2573	270
2574	280
2575	290
2576	100
2577	110
2578	120
2579	130
2580	140
2581	150
2582	160
2583	170
2584	180
2585	190
2586	200
2587	210
2588	220
2589	230
2590	240
2591	250
2592	260
2593	270
2594	280
2595	290
2596	100
2597	110
2598	120
2599	130
2600	140
2601	150
2602	160
2603	170
2604	180
2605	190
2606	200
2607	210
2608	220
2609	230
2610	240
2611	250
2612	260
2613	270
2614	280
2615	290
2616	100
2617	110
2618	120
2619	130
2620	140
2621	150
2622	160
2623	170
2624	180
2625	190
2626	200
2627	210
2628	220
2629	230
2630	240
2631	250
2632	260
2633	270
2634	280
2635	290
2636	100
2637	110
2638	120
2639	130
2640	140
2641	150
2642	160
2643	170
2644	180
2645	190
2646	200
2647	210
2648	220
2649	230
2650	240
2651	250
2652	260
2653	270
2654	280
2655	290
2656	100
2657	110
2658	120
2659	130
2660	140
2661	150
2662	160
2663	170
2664	180
2665	190
2666	200
2667	210
2668	220
2669	230
2670	240
2671	250
2672	260
2673	270
2674	280
2675	290
2676	100
2677	110
2678	120
2679	130
2680	140
2681	150
2682	160
2683	170
2684	180
2685	190
2686	200
2687	210
2688	220
2689	230
2690	240
2691	250
2692	260
2693	270
2694	280
2695	290
2696	100
2697	110
2698	120
2699	130
2700	140
2701	150
2702	160
2703	170
2704	180
2705	190
2706	200
2707	210
2708	220
2709	230
2710	240
2711	250
2712	260
2713	270
2714	280
2715	290
2716	100
2717	110
2718	120
2719	130
2720	140
2721	150
2722	160
2723	170
2724	180
2725	190
2726	200
2727	210
2728	220
2729	230
2730	240
2731	250
2732	260
2733	270
2734	280
2735	290
2736	100
2737	110
2738	120
2739	130
2740	140
2741	150
2742	160
2743	170
2744	180
2745	190
2746	200
2747	210
2748	220
2749	230
2750	240
2751	250
2752	260
2753	270
2754	280
2755	290
2756	100
2757	110
2758	120
2759	130
2760	140
2761	150
2762	160
2763	170
2764	180
2765	190
2766	200
2767	210
2768	220
2769	230
2770	240
2771	250
2772	260
2773	270
2774	280
2775	290
2776	100
2777	110
2778	120
2779	130
2780	140
2781	150
2782	160
2783	170
2784	180
2785	190
2786	200
2787	210
2788	220
2789	230
2790	240
2791	250
2792	260
2793	270
2794	280
2795	290
2796	100
2797	110
2798	120
2799	130
2800	140
2801	150
2802	160
2803	170
2804	180
2805	190
2806	200
2807	210
2808	220
2809	230
2810	240
2811	250
2812	260
2813	270
2814	280
2815	290
2816	100
2817	110
2818	120
2819	130
2820	140
2821	150
2822	160
2823	170
2824	180
2825	190
2826	200
2827	210
2828	220
2829	230
2830	240
2831	250
2832	260
2833	270
2834	280
2835	290
2836	100
2837	110
2838	120
2839	130
2840	140
2841	150
2842	160
2843	170
2844	180
2845	190
2846	200
2847	210
2848	220
2849	230
2850	240
2851	250
2852	260
2853	270
2854	280
2855	290
2856	100
2857	110
2858	120
2859	130
2860	140
2861	150
2862	160
2863	170
2864	180
2865	190
2866	200
2867	210
2868	220
2869	230
2870	240
2871	250
2872	260
2873	270
2874	280
2875	290
2876	100
2877	110
2878	120
2879	130
2880	140
2881	150
2882	160
2883	170
2884	180
2885	190
2886	200
2887	210
2888	220
2889	230
2890	240
2891	250
2892	260
2893	270
2894	280
2895	290
2896	100
2897	110
2898	120
2899	130
2900	140
2901	150
2902	160
2903	170
2904	180
2905	190
2906	200
2907	210
2908	220
2909	230
2910	240
2911	250
2912	260
2913	270
2914	280
2915	290
2916	100
2917	110
2918	120
2919	130
2920	140
2921	150
2922	160
2923	170
2924	180
2925	190
2926	200
2927	210
2928	220
2929	230
2930	240
2931	250
2932	260
2933	270
2934	280
2935	290
2936	100
2937	110
2938	120
2939	130
2940	140
2941	150
2942	160
2943	170
2944	180
2945	190
2946	200
2947	210
2948	220
2949	230
2950	240
2951	250
2952	260
2953	270
2954	280
2955	290
2956	100
2957	110
2958	120
2959	130
2960	140
2961	150
2962	160
2963	170
2964	180
2965	190
2966	200
2967	210
2968	220
2969	230
2970	240
2971	250
2972	260
2973	270
2974	280
2975	290
2976	100
2977	110
2978	120
2979	130
2980	140
2981	150
2982	160
2983	170
2984	180
2985	190
2986	200
2987	210
2988	220
2989	230
2990	240
2991	250
2992	260
2993	270
2994	280
2995	290
2996	100
2997	110
2998	120
2999	130
3000	140
3001	150
3002	160
3003	170
3004	180
3005	190
3006	200
3007	210
3008	220
3009	230
3010	240
3011	250
3012	260
3013	270
3014	280
3015	290
3016	100
3017	110
3018	120
3019	130
3020	140
3021	150
3022	160
3023	170
3024	180
3025	190
3026	200
3027	210
3028	220
3029	230
3030	240
3031	250
3032	260
3033	270
3034	280
3035	290
3036	100
3037	110
3038	120
3039	130
3040	140
3041	150
3042	160
3043	170
3044	180
3045	190
3046	200
3047	210
3048	220
3049	230
3050	240
3051	250
3052	260
3053	270
3054	280
3055	290
3056	100
3057	110
3058	120
3059	130
3060	140
3061	150
3062	160
3063	170
3064	180
3065	190
3066	200
3067	210
3068	220
3069	230
3070	240
3071	250
3072	260
3073	270
3074	280
3075	290
3076	100
3077	110
3078	120
3079	130
3080	140
3081	150
3082	160
3083	170
3084	180
3085	190
3086	200
3087	210
3088	220
3089	230
3090	240
3091	250
3092	260
3093	270
3094	280
3095	290
3096	100
3097	110
3098	120
3099	130
3100	140
3101	150
3102	160
3103	170
3104	180
3105	190
3106	200
3107	210
3108	220
3109	230
3110	240
3111	250
3112	260
3113	270
3114	280
3115	290
3116	100
3117	110
3118	120
3119	130
3120	140
3121	150
3122	160
3123	170
3124	180
3125	190
3126	200
3127	210
3128	220
3129	230
3130	240
3131	250
3132	260
3133	270
3134	280
3135	290
3136	100
3137	110
3138	120
3139	130
3140	140
3141	150
3142	160
3143	170
3144	180
3145	190
3146	200
3147	210
3148	220
3149	230
3150	240
3151	250
3152	260
3153	270
3154	280
3155	290
3156	100
3157	110
3158	120
3159	130
3160	140
3161	150
3162	160
3163	170
3164	180
3165	190
3166	200
3167	210
3168	220
3169	230
3170	240
3171	250
3172	260
3173	270
3174	280
3175	290
3176	100
3177	110
3178	120
3179	130
3180	140
3181	150
3182	160
3183	170
3184	180
3185	190
3186	200
3187	210
3188	220
3189	230
3190	240
3191	250
3192	260
3193	270
3194	280
3195	290
3196	100
3197	110
3198	120
3199	130
3200	140
3201	150
3202	160
3203	170
3204	180
3205	190
3206	200
3207	210
3208	220
3209	230
3210	240
3211	250
3212	260
3213	270
3214	280
3215	290
3216	100
3217	110
3218	120
3219	130
3220	140
3221	150
3222	160
3223	170
3224	180
3225	190
3226	200
3227	210
3228	220
3229	230
3230	240
3231	250
3232	260
3233	270
3234	280
3235	290
3236	100
3237	110
3238	120
3239	130
3240	140
3241	150
3242	160
3243	170
3244	180
3245	190
3246	200
3247	210
3248	220
3249	230
3250	240
3251	250
3252	260
3253	270
3254	280
3255	290
3256	100
3257	110
3258	120
3259	130
3260	140
3261	150
3262	160
3263	170
3264	180
3265	190
3266	200
3267	210
3268	220
3269	230
3270	240
3271	250
3272	260
3273	270
3274	280
3275	290
3276	100
3277	110
3278	120
3279	130
3280	140
3281	150
3282	160
3283	170
3284	180
3285	190
3286	200
3287	210
3288	220
3289	230
3290	240
3291	250
3292	260
3293	270
3294	280
3295	290
3296	100
3297	110
3298	120
3299	130
3300	140
3301	150
3302	160
3303	170
3304	180
3305	190
3306	200
3307	210
3308	220
3309	230
3310	240
3311	250
3312	260
3313	270
3314	280
3315	290
3316	100
3317	110
3318	120
3319	130
3320	140
3321	150
3322	160
3323	170
3324	180
3325	190
3326	200
3327	210
3328	220
3329	230
3330	240
3331	250
3332	260
3333	270
3334	280
3335	290
3336	100
3337	110
3338	120
3339	130
3340	140
3341	150
3342	160
3343	170
3344	180
3345	190
3346	200
3347	210
3348	220
3349	230
3350	240
3351	250
3352	260
3353	270
3354	280
3355	290
3356	100
3357	110
3358	120
3359	130
3360	140
3361	150
3362	160
3363	170
3364	180
3365	190
3366	200
3367	210
3368	220
3369	230
3370	240
3371	250
3372	260
3373	270
3374	280
3375	290
3376	100
3377	110
3378	120
3379	130
3380	140
3381	150
3382	160
3383	170
3384	180
3385	190
3386	200
3387	210
3388	220
3389	230
3390	240
3391	250
3392	260
3393	270
3394	280
3395	290
3396	100
3397	110
3398	120
3399	130
3400	140
3401	150
3402	160
3403	170
3404	180
3405	190
3406	200
3407	210
3408	220
3409	230
3410	240
3411	250
3412	260
3413	270
3414	280
3415	290
3416	100
3417	110
3418	120
3419	130
3420	140
3421	150
3422	160
3423	170
3424	180
3425	190
3426	200
3427	210
3428	220
3429	230
3430	240
3431	250
3432	260
3433	270
3434	280
3435	290
3436	100
3437	110
3438	120
3439	130
3440	140
3441	150
3442	160
3443	170
3444	180
3445	190
3446	200
3447	210
3448	220
3449	230
3450	240
3451	250
3452	260
3453	270
3454	280
3455	290
3456	100
3457	110
3458	120
3459	130
3460	140
3461	150
3462	160
3463	170
3464	180
3465	190
3466	200
3467	210
3468	220
3469	230
3470	240
3471	250
3472	260
3473	270
3474	280
3475	290
3476	100
3477	110
3478	120
3479	130
3480	140
3481	150
3482	160
3483	170
3484	180
3485	190
3486	200
3487	210
3488	220
3489	230
3490	240
3491	250
3492	260
3493	270
3494	280
3495	290
3496	100
3497	110
3498	120
3499	130
3500	140
3501	150
3502	160
3503	170
3504	180
3505	190
3506	200
3507	210
3508	220
3509	230
3510	240
3511	250
3512	260
3513	270
3514	280
3515	290
3516	100
3517	110
3518	120
3519	130
3520	140
3521	150
3522	160
3523	170
3524	180
3525	190
3526	200
3527	210
3528	220
3529	230
3530	240
3531	250
3532	260
3533	270
3534	280
3535	290
3536	100
3537	110
3538	120
3539	130
3540	140
3541	150
3542	160
3543	170
3544	180
3545	190
3546	200
3547	210
3548	220
3549	230
3550	240
3551	250
3552	260
3553	270
3554	280
3555	290
3556	100
3557	110
3558	120
3559	130
3560	140
3561	150
3562	160
3563	170
3564	180
3565	190
3566	200
3567	210
3568	220
3569	230
3570	240
3571	250
3572	260
3573	270
3574	280
3575	290
3576	100
3577	110
3578	120
3579	130
3580	140
3581	150
3582	160
3583	170
3584	180
3585	190
3586	200
3587	210
3588	220
3589	230
3590	240
3591	250
3592	260
3593	270
3594	280
3595	290
3596	100
3597	110
3598	120
3599	130
3600	140
3601	150
3602	160
3603	170
3604	180
3605	190
3606	200
3607	210
3608	220
3609	230
3610	240
3611	250
3612	260
3613	270
3614	280
3615	290
3616	100
3617	110
3618	120
3619	130
3620	140
3621	150
3622	160
3623	170
3624	180
3625	190
3626	200
3627	210
3628	220
3629	230
3630	240
3631	250
3632	260
3633	270
3634	280
3635	290
3636	100
3637	110
3638	120
3639	130
3640	140
3641	150
3642	160
3643	170
3644	180
3645	190
3646	200
3647	210
3648	220
3649	230
3650	240
3651	250
3652	260
3653	270
3654	280
3655	290
3656	100
3657	110
3658	120
3659	130
3660	140
3661	150
3662	160
3663	170
3664	180
3665	190
3666	200
3667	210
3668	220
3669	230
3670	240
3671	250
3672	260
3673	270
3674	280
3675	290
3676	100
3677	110
3678	120
3679	130
3680	140
3681	150
3682	160
3683	170
3684	180
3685	190
3686	200
3687	210
3688	220
3689	230
3690	240
3691	250
3692	260
3693	270
3694	280
3695	290
3696	100
3697	110
3698	120
3699	130
3700	140
3701	150
3702	160
3703	170
3704	180
3705	190
3706	200
3707	210
3708	220
3709	230
3710	240
3711	250
3712	260
3713	270
3714	280
3715	290
3716	100
3717	110
3718	120
3719	130
3720	140
3721	150
3722	160
3723	170
3724	180
3725	190
3726	200
3727	210
3728	220
3729	230
3730	240
3731	250
3732	260
3733	270
3734	280
3735	290
3736	100
3737	110
3738	120
3739	130
3740	140
3741	150
3742	160
3743	170
3744	180
3745	190
3746	200
3747	210
3748	220
3749	230
3750	240
3751	250
3752	260
3753	270
3754	280
3755	290
3756	100
3757	110
3758	120
3759	130
3760	140
3761	150
3762	160
3763	170
3764	180
3765	190
3766	200
3767	210
3768	220
3769	230
3770	240
3771	250
3772	260
3773	270
3774	280
3775	290
3776	100
3777	110
3778	120
3779	130
3780	140
3781	150
3782	160
3783	170
3784	180
3785	190
3786	200
3787	210
3788	220
3789	230
3790	240
3791	250
3792	260
3793	270
3794	280
3795	290
3796	100
3797	110
3798	120
3799	130
3800	140
3801	150
3802	160
3803	170
3804	180
3805	190
3806	200
3807	210
3808	220
3809	230
3810	240
3811	250
3812	260
3813	270
3814	280
3815	290
3816	100
3817	110
3818	120
3819	130
3820	140
3821	150
3822	160
3823	170
3824	180
3825	190
3826	200
3827	210
3828	220
3829	230
3830	240
3831	250
3832	260
3833	270
3834	280
3835	290
3836	100
3837	110
3838	120
3839	130
3840	140
3841	150
3842	160
3843	170
3844	180
3845	190
3846	200
3847	210
3848	220
3849	230
3850	240
3851	250
3852	260
3853	270
3854	280
3855	290
3856	100
3857	110
3858	120
3859	130
3860	140
3861	150
3862	160
3863	170
3864	180
3865	190
3866	200
3867	210
3868	220
3869	230
3870	240
3871	250
3872	260
3873	270
3874	280
3875	290
3876	100
3877	110
3878	120
3879	130
3880	140
3881	150
3882	160
3883	170
3884	180
3885	190
3886	200
3887	210
3888	220
3889	230
3890	240
3891	250
3892	260
3893	270
3894	280
3895	290
3896	100
3897	110
3898	120
3899	130
3900	140
3901	150
3902	160
3903	170
3904	180
3905	190
3906	200
3907	210
3908	220
3909	230
3910	240
3911	250
3912	260
3913	270
3914	280
3915	290
3916	100
3917	110
3918	120
3919	130
3920	140
3921	150
3922	160
3923	170
3924	180
3925	190
3926	200
3927	210
3928	220
3929	230
3930	240
3931	250
3932	260
3933	270
3934	280
3935	290
3936	100
3937	110
3938	120
3939	130
3940	140
3941	150
3942	160
3943	170
3944	180
3945	190
3946	200
3947	210
3948	220
3949	230
3950	240
3951	250
3952	260
3953	270
3954	280
3955	290
3956	100
3957	110
3958	120
3959	130
3960	140
3961	150
3962	160
3963	170
3964	180
3965	190
3966	200
3967	210
3968	220
3969	230
3970	240
3971	250
3972	260
3973	270
3974	280
3975	290
3976	100
3977	110
3978	120
3979	130
3980	140
3981	150
3982	160
3983	170
3984	180
3985	190
3986	200
3987	210
3988	220
3989	230
3990	240
3991	250
3992	260
3993	270
3994	280
3995	290
3996	100
3997	110
3998	120
3999	130
4000	140
4001	150
4002	160
4003	170
4004	180
4005	190
4006	200
4007	210
4008	220
4009	230
4010	240
4011	250
4012	260
4013	270
4014	280
4015	290
4016	100
4017	110
4018	120
4019	130
4020	140
4021	150
4022	160
4023	170
4024	180
4025	190
4026	200
4027	210
4028	220
4029	230
4030	240
4031	250
4032	260
4033	270
4034	280
4035	290
4036	100
4037	110
4038	120
4039	130
4040	140
4041	150
4042	160
4043	170
4044	180
4045	190
4046	200
4047	210
4048	220
4049	230
4050	240
4051	250
4052	260
4053	270
4054	280
4055	290
4056	100
4057	110
4058	120
4059	130
4060	140
4061	150
4062	160
4063	170
4064	180
4065	190
4066	200
4067	210
4068	220
4069	230
4070	240
4071	250
4072	260
4073	270
4074	280
4075	290
4076	100
4077	110
4078	120
4079	130
4080	140
4081	150
4082	160
4083	170
4084	180
4085	190
4086	200
4087	210
4088	220
4089	230
4090	240
4091	250
4092	260
4093	270
4094	280
4095	290
4096	100
4097	110
4098	120
4099	130
4100	140
4101	150
4102	160
4103	170
4104	180
4105	190
4106	200
4107	210
4108	220
4109	230
4110	240
4111	250
4112	260
4113	270
4114	280
4115	290
4116	100
4117	110
4118	120
4119	130
4120	140
4121	150
4122	160
4123	170
4124	180
4125	190
4126	200
4127	210
4128	220
4129	230
4130	240
4131	250
4132	260
4133	270
4134	280
4135	290
4136	100
4137	110
4138	120
4139	130
4140	140
4141	150
4142	160
4143	170
4144	180
4145	190
4146	200
4147	210
4148	220
4149	230
4150	240
4151	250
4152	260
4153	270
4154	280
4155	290
4156	100
4157	110
4158	120
4159	130
4160	140
4161	150
4162	160
4163	170
4164	180
4165	190
4166	200
4167	210
4168	220
4169	230
4170	240
4171	250
4172	260
4173	270
4174	280
4175	290
4176	100
4177	110
4178	120
4179	130
4180	140
4181	150
4182	160
4183	170
4184	180
4185	190
4186	200
4187	210
4188	220
4189	230
4190	240
4191	250
4192	260
4193	270
4194	280
4195	290
4196	100
4197	110
4198	120
4199	130
4200	140
4201	150
4202	160
4203	170
4204	180
4205	190
4206	200
4207	210
4208	220
4209	230
4210	240
4211	250
4212	260
4213	270
4214	280
4215	290
4216	100
4217	110
4218	120
4219	130
4220	140
4221	150
4222	160
4223	170
4224	180
4225	190
4226	200
4227	210
4228	220
4229	230
4230	240
4231	250
4232	260
4233	270
4234	280
4235	290
4236	100
4237	110
4238	120
4239	130
4240	140
4241	150
4242	160
4243	170
4244	180
4245	190
4246	200
4247	210
4248	220
4249	230
4250	240
4251	250
4252	260
4253	270
4254	280
4255	290
4256	100
4257	110
4258	120
4259	130
4260	140
4261	150
4262	160
4263	170
4264	180
4265	190
4266	200
4267	210
4268	220
4269	230
4270	240
4271	250
4272	260
4273	270
4274	280
4275	290
4276	100
4277	110
4278	120
4279	130
4280	140
4281	150
4282	160
4283	170
4284	180
4285	190
4286	200
4287	210
4288	220
4289	230
4290	240
4291	250
4292	260
4293	270
4294	280
4295	290
4296	100
4297	110
4298	120
4299	130
4300	140
4301	150
4302	160
4303	170
4304	180
4305	190
4306	200
4307	210
4308	220
4309	230
4310	240
4311	250
4312	260
4313	270
4314	280
4315	290
4316	100
4317	110
4318	120
4319	130
4320	140
4321	150
4322	160
4323	170
4324	180
4325	190
4326	200
4327	210
4328	220
4329	230
4330	240
4331	250
4332	260
4333	270
4334	280
4335	290
4336	100
4337	110
4338	120
4339	130
4340	140
4341	150
4342	160
4343	170
4344	180
4345	190
4346	200
4347	210
4348	220
4349	230
4350	240
4351	250
4352	260
4353	270
4354	280
4355	290
4356	100
4357	110
4358	120
4359	130
4360	140
4361	150
4362	160
4363	170
4364	180
4365	190
4366	200
4367	210
4368	220
4369	230
4370	240
4371	250
4372	260
4373	270
4374	280
4375	290
4376	100
4377	110
4378	120
4379	130
4380	140
4381	150
4382	160
4383	170
4384	180
4385	190
4386	200
4387	210
4388	220
4389	230
4390	240
4391	250
4392	260
4393	270
4394	280
4395	290
4396	100
4397	110
4398	120
4399	130
4400	140
4401	150
4402	160
4403	170
4404	180
4405	190
4406	200
4407	210
4408	220
4409	230
4410	240
4411	250
4412	260
4413	270
4414	280
4415	290
4416	100
4417	110
4418	120
4419	130
4420	140
4421	150
4422	160
4423	170
4424	180
4425	190
4426	200
4427	210
4428	220
4429	230
4430	240
4431	250
4432	260
4433	270
4434	280
4435	290
4436	100
4437	110
4438	120
4439	130
4440	140
4441	150
4442	160
4443	170
4444	180
4445	190
4446	200
4447	210
4448	220
4449	230
4450	240
4451	250
4452	260
4453	270
4454	280
4455	290
4456	100
4457	110
4458	120
4459	130
4460	140
4461	150
4462	160
4463	170
4464	180
4465	190
4466	200
4467	210
4468	220
4469	230
4470	240
4471	250
4472	260
4473	270
4474	280
4475	290
4476	100
4477	110
4478	120
4479	130
4480	140
4481	150
4482	160
4483	170
4484	180
4485	190
4486	200
4487	210
4488	220
4489	230
4490	240
4491	250
4492	260
4493	270
4494	280
4495	290
4496	100
4497	110
4498	120
4499	130
4500	140
4501	150
4502	160
4503	170
4504	180
4505	190
4506	200
4507	210
4508	220
4509	230
4510	240
4511	250
4512	260
4513	270
4514	280
4515	290
4516	100
4517	110
4518	120
4519	130
4520	140
4521	150
4522	160
4523	170
4524	180
4525	190
4526	200
4527	210
4528	220
4529	230
4530	240
4531	250
4532	260
4533	270
4534	280
4535	290
4536	100
4537	110
4538	120
4539	130
4540	140
4541	150
4542	160
4543	170
4544	180
4545	190
4546	200
4547	210
4548	220
4549	230
4550	240
4551	250
4552	260
4553	270
4554	280
4555	290
4556	100
4557	110
4558	120
4559	130
4560	140
4561	150
4562	160
4563	170
4564	180
4565	190
4566	200
4567	210
4568	220
4569	230
4570	240
4571	250
4572	260
4573	270
4574	280
4575	290
4576	100
4577	110
4578	120
4579	130
4580	140
4581	150
4582	160
4583	170
4584	180
4585	190
4586	200
4587	210
4588	220
4589	230
4590	240
4591	250
4592	260
4593	270
4594	280
4595	290
4596	100
4597	110
4598	120
4599	130
4600	140
4601	150
4602	160
4603	170
4604	180
4605	190
4606	200
4607	210
4608	220
4609	230
4610	240
4611	250
4612	260
4613	270
4614	280
4615	290
4616	100
4617	110
4618	120
4619	130
4620	140
4621	150
4622	160
4623	170
4624	180
4625	190
4626	200
4627	210
4628	220
4629	230
4630	240
4631	250
4632	260
4633	270
4634	280
4635	290
4636	100
4637	110
4638	120
4639	130
4640	140
4641	150
4642	160
4643	170
4644	180
4645	190
4646	200
4647	210
4648	220
4649	230
4650	240
4651	250
4652	260
4653	270
4654	280
4655	290
4656	100
4657	110
4658	120
4659	130
4660	140
4661	150
4662	160
4663	170
4664	180
4665	190
4666	200
4667	210
4668	220
4669	230
4670	240
4671	250
4672	260
4673	270
4674	280
4675	290
4676	100
4677	110
4678	120
4679	130
4680	140
4681	150
4682	160
4683	170
4684	180
4685	190
4686	200
4687	210
4688	220
4689	230
4690	240
4691	250
4692	260
4693	270
4694	280
4695	290
4696	100
4697	110
4698	120
4699	130
4700	140
4701	150
4702	160
4703	170
4704	180
4705	190
4706	200
4707	210
4708	220
4709	230
4710	240
4711	250
4712	260
4713	270
4714	280
4715	290
4716	100
4717	110
4718	120
4719	130
4720	140
4721	150
4722	160
4723	170
4724	180
4725	190
4726	200
4727	210
4728	220
4729	230
4730	240
4731	250
4732	260
4733	270
4734	280
4735	290
4736	100
4737	110
4738	120
4739	130
4740	140
4741	150
4742	160
4743	170
4744	180
4745	190
4746	200
4747	210
4748	220
4749	230
4750	240
4751	250
4752	260
4753	270
4754	280
4755	290
4756	100
4757	110
4758	120
4759	130
4760	140
4761	150
4762	160
4763	170
4764	180
4765	190
4766	200
4767	210
4768	220
4769	230
4770	240
4771	250
4772	260
4773	270
4774	280
4775	290
4776	100
4777	110
4778	120
4779	130
4780	140
4781	150
4782	160
4783	170
4784	180
4785	190
4786	200
4787	210
4788	220
4789	230
4790	240
4791	250
4792	260
4793	270
4794	280
4795	290
4796	100
4797	110
4798	120
4799	130
4800	140
4801	150
4802	160
4803	170
4804	180
4805	190
4806	200
4807	210
4808	220
4809	230
4810	240
4811	250
4812	260
4813	270
4814	280
4815	290
4816	100
4817	110
4818	120
4819	130
4820	140
4821	150
4822	160
4823	170
4824	180
4825	190
4826	200
4827	210
4828	220
4829	230
4830	240
4831	250
4832	260
4833	270
4834	280
4835	290
4836	100
4837	110
4838	120
4839	130
4840	140
4841	150
4842	160
4843	170
4844	180
4845	190
4846	200
4847	210
4848	220
4849	230
4850	240
4851	250
4852	260
4853	270
4854	280
4855	290
4856	100
4857	110
4858	120
4859	130
4860	140
4861	150
4862	160
4863	170
4864	180
4865	190
4866	200
4867	210
4868	220
4869	230
4870	240
4871	250
4872	260
4873	270
4874	280
4875	290
4876	100
4877	110
4878	120
4879	130
4880	140
4881	150
4882	160
4883	170
4884	180
4885	190
4886	200
4887	210
4888	220
4889	230
4890	240
4891	250
4892	260
4893	270
4894	280
4895	290
4896	100
4897	110
4898	120
4899	130
4900	140
4901	150
4902	160
4903	170
4904	180
4905	190
4906	200
4907	210
4908	220
4909	230
4910	240
4911	250
4912	260
4913	270
4914	280
4915	290
4916	100
4917	110
4918	120
4919	130
4920	140
4921	150
4922	160
4923	170
4924	180
4925	190
4926	200
4927	210
4928	220
4929	230
4930	240
4931	250
4932	260
4933	270
4934	280
4935	290
4936	100
4937	110
4938	120
4939	130
4940	140
4941	150
4942	160
4943	170
4944	180
4945	190
4946	200
4947	210
4948	220
4949	230
4950	240
4951	250
4952	260
4953	270
4954	280
4955	290
4956	100
4957	110
4958	120
4959	130
4960	140
4961	150
4962	160
4963	170
4964	180
4965	190
4966	200
4967	210
4968	220
4969	230
4970	240
4971	250
4972	260
4973	270
4974	280
4975	290
4976	100
4977	110
4978	120
4979	130
4980	140
4981	150
4982	160
4983	170
4984	180
4985	190
4986	200
4987	210
4988	220
4989	230
4990	240
4991	250
4992	260
4993	270
4994	280
4995	290
4996	100
4997	110
4998	120
4999	130
5000	140
5001	150
5002	160
5003	170
5004	180
5005	190
5006	200
5007	210
5008	220
5009	230
5010	240
5011	250
5012	260
5013	270
5014	280
5015	290
5016	100
5017	110
5018	120
5019	130
5020	140
5021	150
5022	160
5023	170
5024	180
5025	190
5026	200
5027	210
5028	220
5029	230
5030	240
5031	250
5032	260
5033	270
5034	280
5035	290
5036	100
5037	110
5038	120
5039	130
5040	140
5041	150
5042	160
5043	170
5044	180
5045	190
5046	200
5047	210
5048	220
5049	230
5050	240
5051	250
5052	260
5053	270
5054	280
5055	290
5056	100
5057	110
5058	120
5059	130
5060	140
5061	150
5062	160
5063	170
5064	180
5065	190
5066	200
5067	210
5068	220
5069	230
5070	240
5071	250
5072	260
5073	270
5074	280
5075	290
5076	100
5077	110
5078	120
5079	130
5080	140
5081	150
5082	160
5083	170
5084	180
5085	190
5086	200
5087	210
5088	220
5089	230
5090	240
5091	250
5092	260
5093	270
5094	280
5095	290
5096	100
5097	110
5098	120
5099	130
5100	140
5101	150
5102	160
5103	170
5104	180
5105	190
5106	200
5107	210
5108	220
5109	230
5110	240
5111	250
5112	260
5113	270
5114	280
5115	290
5116	100
5117	110
5118	120
5119	130
5120	140
5121	150
5122	160
5123	170
5124	180
5125	190
5126	200
5127	210
5128	220
5129	230
5130	240
5131	250
5132	260
5133	270
5134	280
5135	290
5136	100
5137	110
5138	120
5139	130
5140	140
5141	150
5142	160
5143	170
5144	180
5145	190
5146	200
5147	210
5148	220
5149	230
5150	240
5151	250
5152	260
5153	270
5154	280
5155	290
5156	100
5157	110
5158	120
5159	130
5160	140
5161	150
5162	160
5163	170
5164	180
5165	190
5166	200
5167	210
5168	220
5169	230
5170	240
5171	250
5172	260
5173	270
5174	280
5175	290
5176	100
5177	110
5178	120
5179	130
5180	140
5181	150
5182	160
5183	170
5184	180
5185	190
5186	200
5187	210
5188	220
5189	230
5190	240
5191	250
5192	260
5193	270
5194	280
5195	290
5196	100
5197	110
5198	120
5199	130
5200	140
5201	150
5202	160
5203	170
5204	180
5205	190
5206	200
5207	210
5208	220
5209	230
5210	240
5211	250
5212	260
5213	270
5214	280
5215	290
5216	100
5217	110
5218	120
5219	130
5220	140
5221	150
5222	160
5223	170
5224	180
5225	190
5226	200
5227	210
5228	220
5229	230
5230	240
5231	250
5232	260
5233	270
5234	280
5235	290
5236	100
5237	110
5238	120
5239	130
5240	140
5241	150
5242	160
5243	170
5244	180
5245	190
5246	200
5247	210
5248	220
5249	230
5250	240
5251	250
5252	260
5253	270
5254	280
5255	290
5256	100
5257	110
5258	120
5259	130
5260	140
5261	150
5262	160
5263	170
5264	180
5265	190
5266	200
5267	210
5268	220
5269	230
5270	240
5271	250
5272	260
5273	270
5274	280
5275	290
5276	100
5277	110
5278	120
5279	130
5280	140
5281	150
5282	160
5283	170
5284	180
5285	190
5286	200
5287	210
5288	220
5289	230
5290	240
5291	250
5292	260
5293	270
5294	280
5295	290
5296	100
5297	110
5298	120
5299	130
5300	140
5301	150
5302	160
5303	170
5304	180
5305	190
5306	200
5307	210
5308	220
5309	230
5310	240
5311	250
5312	260
5313	270
5314	280
5315	290
5316	100
5317	110
5318	120
5319	130
5320	140
5321	150
5322	160
5323	170
5324	180
5325	190
5326	200
5327	210
5328	220
5329	230
5330	240
5331	250
5332	260
5333	270
5334	280
5335	290
5336	100
5337	110
5338	120
5339	130
5340	140
5341	150
5342	160
5343	170
5344	180
5345	190
5346	200
5347	210
5348	220
5349	230
5350	240
5351	250
5352	260
5353	270
5354	280
5355	290
5356	100
5357	110
5358	120
5359	130
5360	140
5361	150
5362	160
5363	170
5364	180
5365	190
5366	200
5367	210
5368	220
5369	230
5370	240
5371	250
5372	260
5373	270
5374	280
5375	290
5376	100
5377	110
5378	120
5379	130
5380	140
5381	150
5382	160
5383	170
5384	180
5385	190
5386	200
5387	210
5388	220
5389	230
5390	240
5391	250
5392	260
5393	270
5394	280
5395	290
5396	100
5397	110
5398	120
5399	130
5400	140
5401	150
5402	160
5403	170
5404	180
5405	190
5406	200
5407	210
5408	220
5409	230
5410	240
5411	250
5412	260
5413	270
5414	280
5415	290
5416	100
5417	110
5418	120
5419	130
5420	140
5421	150
5422	160
5423	170
5424	180
5425	190
5426	200
5427	210
5428	220
5429	230
5430	240
5431	250
5432	260
5433	270
5434	280
5435	290
5436	100
5437	110
5438	120
5439	130
5440	140
5441	150
5442	160
5443	170
5444	180
5445	190
5446	200
5447	210
5448	220
5449	230
5450	240
5451	250
5452	260
5453	270
5454	280
5455	290
5456	100
5457	110
5458	120
5459	130
5460	140
5461	150
5462	160
5463	170
5464	180
5465	190
5466	200
5467	210
5468	220
5469	230
5470	240
5471	250
5472	260
5473	270
5474	280
5475	290
5476	100
5477	110
5478	120
5479	130
5480	140
5481	150
5482	160
5483	170
5484	180
5485	190
5486	200
5487	210
5488	220
5489	230
5490	240
5491	250
5492	260
5493	270
5494	280
5495	290
5496	100
5497	110
5498	120
5499	130
5500	140
5501	150
5502	160
5503	170
5504	180
5505	190
5506	200
5507	210
5508	220
5509	230
5510	240
5511	250
5512	260
5513	270
5514	280
5515	290
5516	100
5517	110
5518	120
5519	130
5520	140
5521	150
5522	160
5523	170
5524	180
5525	190
5526	200
5527	210
5528	220
5529	230
5530	240
5531	250
5532	260
5533	270
5534	280
5535	290
5536	100
5537	110
5538	120
5539	130
5540	140
5541	150
5542	160
5543	170
5544	180
5545	190
5546	200
5547	210
5548	220
5549	230
5550	240
5551	250
5552	260
5553	270
5554	280
5555	290
5556	100
5557	110
5558	120
5559	130
5560	140
5561	150
5562	160
5563	170
5564	180
5565	190
5566	200
5567	210
5568	220
5569	230
5570	240
5571	250
5572	260
5573	270
5574	280
5575	290
5576	100
5577	110
5578	120
5579	130
5580	140
5581	150
5582	160
5583	170
5584	180
5585	190
5586	200
5587	210
5588	220
5589	230
5590	240
5591	250
5592	260
5593	270
5594	280
5595	290
5596	100
5597	110
5598	120
5599	130
5600	140
5601	150
5602	160
5603	170
5604	180
5605	190
5606	200
5607	210
5608	220
5609	230
5610	240
5611	250
5612	260
5613	270
5614	280
5615	290
5616	100
5617	110
5618	120
5619	130
5620	140
5621	150
5622	160
5623	170
5624	180
5625	190
5626	200
5627	210
5628	220
5629	230
5630	240
5631	250
5632	260
5633	270
5634	280
5635	290
5636	100
5637	110
5638	120
5639	130
5640	140
5641	150
5642	160
5643	170
5644	180
5645	190
5646	200
5647	210
5648	220
5649	230
5650	240
5651	250
5652	260
5653	270
5654	280
5655	290
5656	100
5657	110
5658	120
5659	130
5660	140
5661	150
5662	160
5663	170
5664	180
5665	190
5666	200
5667	210
5668	220
5669	230
5670	240
5671	250
5672	260
5673	270
5674	280
5675	290
5676	100
5677	110
5678	120
5679	130
5680	140
5681	150
5682	160
5683	170
5684	180
5685	190
5686	200
5687	210
5688	220
5689	230
5690	240
5691	250
5692	260
5693	270
5694	280
5695	290
5696	100
5697	110
5698	120
5699	130
5700	140
5701	150
5702	160
5703	170
5704	180
5705	190
5706	200
5707	210
5708	220
5709	230
5710	240
5711	250
5712	260
5713	270
5714	280
5715	290
5716	100
5717	110
5718	120
5719	130
5720	140
5721	150
5722	160
5723	170
5724	180
5725	190
5726	200
5727	210
5728	220
5729	230
5730	240
5731	250
5732	260
5733	270
5734	280
5735	290
5736	100
5737	110
5738	120
5739	130
5740	140
5741	150
5742	160
5743	170
5744	180
5745	190
5746	200
5747	210
5748	220
5749	230
5750	240
5751	250
5752	260
5753	270
5754	280
5755	290
5756	100
5757	110
5758	120
5759	130
5760	140
5761	150
5762	160
5763	170
5764	180
5765	190
5766	200
5767	210
5768	220
5769	230
5770	240
5771	250
5772	260
5773	270
5774	280
5775	290
5776	100
5777	110
5778	120
5779	130
5780	140
5781	150
5782	160
5783	170
5784	180
5785	190
5786	200
5787	210
5788	220
5789	230
5790	240
5791	250
5792	260
5793	270
5794	280
5795	290
5796	100
5797	110
5798	120
5799	130
5800	140
5801	150
5802	160
5803	170
5804	180
5805	190
5806	200
5807	210
5808	220
5809	230
5810	240
5811	250
5812	260
5813	270
5814	280
5815	290
5816	100
5817	110
5818	120
5819	130
5820	140
5821	150
5822	160
5823	170
5824	180
5825	190
5826	200
5827	210
5828	220
5829	230
5830	240
5831	250
5832	260
5833	270
5834	280
5835	290
5836	100
5837	110
5838	120
5839	130
5840	140
5841	150
5842	160
5843	170
5844	180
5845	190
5846	200
5847	210
5848	220
5849	230
5850	240
5851	250
5852	260
5853	270
5854	280
5855	290
5856	100
5857	110
5858	120
5859	130
5860	140
5861	150
5862	160
5863	170
5864	180
5865	190
5866	200
5867	210
5868	220
5869	230
5870	240
5871	250
5872	260
5873	270
5874	280
5875	290
5876	100
5877	110
5878	120
5879	130
5880	140
5881	150
5882	160
5883	170
5884	180
5885	190
5886	200
5887	210
5888	220
5889	230
5890	240
5891	250
5892	260
5893	270
5894	280
5895	290
5896	100
5897	110
5898	120
5899	130
5900	140
5901	150
5902	160
5903	170
5904	180
5905	190
5906	200
5907	210
5908	220
5909	230
5910	240
5911	250
5912	260
5913	270
5914	280
5915	290
5916	100
5917	110
5918	120
5919	130
5920	140
5921	150
5922	160
5923	170
5924	180
5925	190
5926	200
5927	210
5928	220
5929	230
5930	240
5931	250
5932	260
5933	270
5934	280
5935	290
5936	100
5937	110
5938	120
5939	130
5940	140
5941	150
5942	160
5943	170
5944	180
5945	190
5946	200
5947	210
5948	220
5949	230
5950	240
5951	250
5952	260
5953	270
5954	280
5955	290
5956	100
5957	110
5958	120
5959	130
5960	140
5961	150
5962	160
5963	170
5964	180
5965	190
5966	200
5967	210
5968	220
5969	230
5970	240
5971	250
5972	260
5973	270
5974	280
5975	290
5976	100
5977	110
5978	120
5979	130
5980	140
5981	150
5982	160
5983	170
5984	180
5985	190
5986	200
5987	210
5988	220
5989	230
5990	240
5991	250
5992	260
5993	270
5994	280
5995	290
5996	100
5997	110
5998	120
5999	130
6000	140
6001	150
6002	160
6003	170
6004	180
6005	190
6006	200
6007	210
6008	220
6009	230
6010	240
6011	250
6012	260
6013	270
6014	280
6015	290
6016	100
6017	110
6018	120
6019	130
6020	140
6021	150
6022	160
6023	170
6024	180
6025	190
6026	200
6027	210
6028	220
6029	230
6030	240
6031	250
6032	260
6033	270
6034	280
6035	290
6036	100
6037	110
6038	120
6039	130
6040	140
6041	150
6042	160
6043	170
6044	180
6045	190
6046	200
6047	210
6048	220
6049	230
6050	240
6051	250
6052	260
6053	270
6054	280
6055	290
6056	100
6057	110
6058	120
6059	130
6060	140
6061	150
6062	160
6063	170
6064	180
6065	190
6066	200
6067	210
6068	220
6069	230
6070	240
6071	250
6072	260
6073	270
6074	280
6075	290
6076	100
6077	110
6078	120
6079	130
6080	140
6081	150
6082	160
6083	170
6084	180
6085	190
6086	200
6087	210
6088	220
6089	230
6090	240
6091	250
6092	260
6093	270
6094	280
6095	290
6096	100
6097	110
6098	120
6099	130
6100	140
6101	150
6102	160
6103	170
6104	180
6105	190
6106	200
6107	210
6108	220
6109	230
6110	240
6111	250
6112	260
6113	270
6114	280
6115	290
6116	100
6117	110
6118	120
6119	130
6120	140
6121	150
6122	160
6123	170
6124	180
6125	190
6126	200
6127	210
6128	220
6129	230
6130	240
6131	250
6132	260
6133	270
6134	280
6135	290
6136	100
6137	110
6138	120
6139	130
6140	140
6141	150
6142	160
6143	170
6144	180
6145	190
6146	200
6147	210
6148	220
6149	230
6150	240
6151	250
6152	260
6153	270
6154	280
6155	290
6156	100
6157	110
6158	120
6159	130
6160	140
6161	150
6162	160
6163	170
6164	180
6165	190
6166	200
6167	210
6168	220
6169	230
6170	240
6171	250
6172	260
6173	270
6174	280
6175	290
6176	100
6177	110
6178	120
6179	130
6180	140
6181	150
6182	160
6183	170
6184	180
6185	190
6186	200
6187	210
6188	220
6189	230
6190	240
6191	250
6192	260
6193	270
6194	280
6195	290
6196	100
6197	110
6198	120
6199	130
6200	140
6201	150
6202	160
6203	170
6204	180
6205	190
6206	200
6207	210
6208	220
6209	230
6210	240
6211	250
6212	260
6213	270
6214	280
6215	290
6216	100
6217	110
6218	120
6219	130
6220	140
6221	150
6222	160
6223	170
6224	180
6225	190
6226	200
6227	210
6228	220
6229	230
6230	240
6231	250
6232	260
6233	270
6234	280
6235	290
6236	100
6237	110
6238	120
6239	130
6240	140
6241	150
6242	160
6243	170
6244	180
6245	190
6246	200
6247	210
6248	220
6249	230
6250	240
6251	250
6252	260
6253	270
6254	280
6255	290
6256	100
6257	110
6258	120
6259	130
6260	140
6261	150
6262	160
6263	170
6264	180
6265	190
6266	200
6267	210
6268	220
6269	230
6270	240
6271	250
6272	260
6273	270
6274	280
6275	290
6276	100
6277	110
6278	120
6279	130
6280	140
6281	150
6282	160
6283	170
6284	180
6285	190
6286	200
6287	210
6288	220
6289	230
6290	240
6291	250
6292	260
6293	270
6294	280
6295	290
6296	100
6297	110
6298	120
6299	130
6300	140
6301	150
6302	160
6303	170
6304	180
6305	190
6306	200
6307	210
6308	220
6309	230
6310	240
6311	250
6312	260
6313	270
6314	280
6315	290
6316	100
6317	110
6318	120
6319	130
6320	140
6321	150
6322	160
6323	170
6324	180
6325	190
6326	200
6327	210
6328	220
6329	230
6330	240
6331	250
6332	260
6333	270
6334	280
6335	290
6336	100
6337	110
6338	120
6339	130
6340	140
6341	150
6342	160
6343	170
6344	180
6345	190
6346	200
6347	210
6348	220
6349	230
6350	240
6351	250
6352	260
6353	270
6354	280
6355	290
6356	100
6357	110
6358	120
6359	130
6360	140
6361	150
6362	160
6363	170
6364	180
6365	190
6366	200
6367	210
6368	220
6369	230
6370	240
6371	250
6372	260
6373	270
6374	280
6375	290
6376	100
6377	110
6378	120
6379	130
6380	140
6381	150
6382	160
6383	170
6384	180
6385	190
6386	200
6387	210
6388	220
6389	230
6390	240
6391	250
6392	260
6393	270
6394	280
6395	290
6396	100
6397	110
6398	120
6399	130
6400	140
6401	150
6402	160
6403	170
6404	180
6405	190
6406	200
6407	210
6408	220
6409	230
6410	240
6411	250
6412	260
6413	270
6414	280
6415	290
6416	100
6417	110
6418	120
6419	130
6420	140
6421	150
6422	160
6423	170
6424	180
6425	190
6426	200
6427	210
6428	220
6429	230
6430	240
6431	250
6432	260
6433	270
6434	280
6435	290
6436	100
6437	110
6438	120
6439	130
6440	140
6441	150
6442	160
6443	170
6444	180
6445	190
6446	200
6447	210
6448	220
6449	230
6450	240
6451	250
6452	260
6453	270
6454	280
6455	290
6456	100
6457	110
6458	120
6459	130
6460	140
6461	150
6462	160
6463	170
6464	180
6465	190
6466	200
6467	210
6468	220
6469	230
6470	240
6471	250
6472	260
6473	270
6474	280
6475	290
6476	100
6477	110
6478	120
6479	130
6480	140
6481	150
6482	160
6483	170
6484	180
6485	190
6486	200
6487	210
6488	220
6489	230
6490	240
6491	250
6492	260
6493	270
6494	280
6495	290
6496	100
6497	110
6498	120
6499	130
6500	140
6501	150
6502	160
6503	170
6504	180
6505	190
6506	200
6507	210
6508	220
6509	230
6510	240
6511	250
6512	260
6513	270
6514	280
6515	290
6516	100
6517	110
6518	120
6519	130
6520	140
6521	150
6522	160
6523	170
6524	180
6525	190
6526	200
6527	210
6528	220
6529	230
6530	240
6531	250
6532	260
6533	270
6534	280
6535	290
6536	100
6537	110
6538	120
6539	130
6540	140
6541	150
6542	160
6543	170
6544	180
6545	190
6546	200
6547	210
6548	220
6549	230
6550	240
6551	250
6552	260
6553	270
6554	280
6555	290
6556	100
6557	110
6558	120
6559	130
6560	140
6561	150
6562	160
6563	170
6564	180
6565	190
6566	200
6567	210
6568	220
6569	230
6570	240
6571	250
6572	260
6573	270
6574	280
6575	290
6576	100
6577	110
6578	120
6579	130
6580	140
6581	150
6582	160
6583	170
6584	180
6585	190
6586	200
6587	210
6588	220
6589	230
6590	240
6591	250
6592	260
6593	270
6594	280
6595	290
6596	100
6597	110
6598	120
6599	130
6600	140
6601	150
6602	160
6603	170
6604	180
6605	190
6606	200
6607	210
6608	220
6609	230
6610	240
6611	250
6612	260
6613	270
6614	280
6615	290
6616	100
6617	110
6618	120
6619	130
6620	140
6621	150
6622	160
6623	170
6624	180
6625	190
6626	200
6627	210
6628	220
6629	230
6630	240
6631	250
6632	260
6633	270
6634	280
6635	290
6636	100
6637	110
6638	120
6639	130
6640	140
6641	150
6642	160
6643	170
6644	180
6645	190
6646	200
6647	210
6648	220
6649	230
6650	240
6651	250
6652	260
6653	270
6654	280
6655	290
6656	100
6657	110
6658	120
6659	130
6660	140
6661	150
6662	160
6663	170
6664	180
6665	190
6666	200
6667	210
6668	220
6669	230
6670	240
6671	250
6672	260
6673	270
6674	280
6675	290
6676	100
6677	110
6678	120
6679	130
6680	140
6681	150
6682	160
6683	170
6684	180
6685	190
6686	200
6687	210
6688	220
6689	230
6690	240
6691	250
6692	260
6693	270
6694	280
6695	290
6696	100
6697	110
6698	120
6699	130
6700	140
6701	150
6702	160
6703	170
6704	180
6705	190
6706	200
6707	210
6708	220
6709	230
6710	240
6711	250
6712	260
6713	270
6714	280
6715	290
6716	100
6717	110
6718	120
6719	130
6720	140
6721	150
6722	160
6723	170
6724	180
6725	190
6726	200
6727	210
6728	220
6729	230
6730	240
6731	250
6732	260
6733	270
6734	280
6735	290
6736	100
6737	110
6738	120
6739	130
6740	140
6741	150
6742	160
6743	170
6744	180
6745	190
6746	200
6747	210
6748	220
6749	230
6750	240
6751	250
6752	260
6753	270
6754	280
6755	290
6756	100
6757	110
6758	120
6759	130
6760	140
6761	150
6762	160
6763	170
6764	180
6765	190
6766	200
6767	210
6768	220
6769	230
6770	240
6771	250
6772	260
6773	270
6774	280
6775	290
6776	100
6777	110
6778	120
6779	130
6780	140
6781	150
6782	160
6783	170
6784	180
6785	190
6786	200
6787	210
6788	220
6789	230
6790	240
6791	250
6792	260
6793	270
6794	280
6795	290
6796	100
6797	110
6798	120
6799	130
6800	140
6801	150
6802	160
6803	170
6804	180
6805	190
6806	200
6807	210
6808	220
6809	230
6810	240
6811	250
6812	260
6813	270
6814	280
6815	290
6816	100
6817	110
6818	120
6819	130
6820	140
6821	150
6822	160
6823	170
6824	180
6825	190
6826	200
6827	210
6828	220
6829	230
6830	240
6831	250
6832	260
6833	270
6834	280
6835	290
6836	100
6837	110
6838	120
6839	130
6840	140
6841	150
6842	160
6843	170
6844	180
6845	190
6846	200
6847	210
6848	220
6849	230
6850	240
6851	250
6852	260
6853	270
6854	280
6855	290
6856	100
6857	110
6858	120
6859	130
6860	140
6861	150
6862	160
6863	170
6864	180
6865	190
6866	200
6867	210
6868	220
6869	230
6870	240
6871	250
6872	260
6873	270
6874	280
6875	290
6876	100
6877	110
6878	120
6879	130
6880	140
6881	150
6882	160
6883	170
6884	180
6885	190
6886	200
6887	210
6888	220
6889	230
6890	240
6891	250
6892	260
6893	270
6894	280
6895	290
6896	100
6897	110
6898	120
6899	130
6900	140
6901	150
6902	160
6903	170
6904	180
6905	190
6906	200
6907	210
6908	220
6909	230
6910	240
6911	250
6912	260
6913	270
6914	280
6915	290
6916	100
6917	110
6918	120
6919	130
6920	140
6921	150
6922	160
6923	170
6924	180
6925	190
6926	200
6927	210
6928	220
6929	230
6930	240
6931	250
6932	260
6933	270
6934	280
6935	290
6936	100
6937	110
6938	120
6939	130
6940	140
6941	150
6942	160
6943	170
6944	180
6945	190
6946	200
6947	210
6948	220
6949	230
6950	240
6951	250
6952	260
6953	270
6954	280
6955	290
6956	100
6957	110
6958	120
6959	130
6960	140
6961	150
6962	160
6963	170
6964	180
6965	190
6966	200
6967	210
6968	220
6969	230
6970	240
6971	250
6972	260
6973	270
6974	280
6975	290
6976	100
6977	110
6978	120
6979	130
6980	140
6981	150
6982	160
6983	170
6984	180
6985	190
6986	200
6987	210
6988	220
6989	230
6990	240
6991	250
6992	260
6993	270
6994	280
6995	290
6996	100
6997	110
6998	120
6999	130
7000	140
7001	150
7002	160